0.5717277526855469,0.0029304029885679483,23.75
155.717134475708,0.0031746032182127237,23.75
309.0786933898926,0.0031746032182127237,23.75
462.41116523742676,0.0029304029885679483,23.75
616.1324977874756,0.0029304029885679483,23.75
769.4954872131348,0.0029304029885679483,23.75
923.2072830200195,0.0031746032182127237,23.75
1076.761245727539,0.003418803447857499,23.75
1230.1092147827148,0.003418803447857499,23.75
1383.730173110962,0.0036630036775022745,23.75
1537.1356010437012,0.0029304029885679483,23.75
1690.479040145874,0.003418803447857499,23.75
1844.1147804260254,0.0029304029885679483,23.75
1997.4679946899414,0.0031746032182127237,23.75
2151.0331630706787,0.0029304029885679483,23.75
2304.8551082611084,0.0031746032182127237,23.75
2458.1995010375977,0.0029304029885679483,23.75
2612.0100021362305,0.0031746032182127237,23.75
2765.3493881225586,0.0031746032182127237,23.75
2919.0499782562256,0.0031746032182127237,23.75
3072.6230144500732,0.003418803447857499,23.75
3225.9774208068848,0.003418803447857499,23.75
3379.539966583252,0.003418803447857499,23.75
3533.0288410186768,0.0029304029885679483,23.75
3686.3882541656494,0.002686202758923173,23.75
3840.0495052337646,0.0031746032182127237,23.75
3993.6318397521973,0.0031746032182127237,23.75
4147.218227386475,0.003418803447857499,23.75
4307.192325592041,0.003418803447857499,23.75
4460.724592208862,0.0029304029885679483,23.75
4614.091396331787,0.002686202758923173,23.75
4767.719507217407,0.0031746032182127237,23.75
4921.073436737061,0.002686202758923173,23.75
5074.457168579102,0.0031746032182127237,23.75
5228.157043457031,0.0031746032182127237,23.75
5381.519556045532,0.0031746032182127237,23.75
5535.1152420043945,0.003418803447857499,23.75
5688.734769821167,0.0029304029885679483,23.75
5842.287302017212,0.0031746032182127237,23.75
5995.974063873291,0.002686202758923173,23.75
6148.23579788208,0.0029304029885679483,23.75
6301.583766937256,0.003418803447857499,23.75
6455.167770385742,0.0031746032182127237,23.75
6608.784437179565,0.0031746032182127237,23.75
6762.174367904663,0.002686202758923173,23.812
6915.763854980469,0.003418803447857499,23.812
7069.1118240356445,0.003418803447857499,23.812
7222.592353820801,0.002686202758923173,23.812
7376.23929977417,0.003418803447857499,23.812
7529.602766036987,0.0029304029885679483,23.75
7683.152437210083,0.002686202758923173,23.75
7836.694002151489,0.003418803447857499,23.75
7990.030765533447,0.0031746032182127237,23.75
8143.697261810303,0.002686202758923173,23.75
8297.177076339722,0.002686202758923173,23.75
8450.550317764282,0.002686202758923173,23.812
8604.268789291382,0.003418803447857499,23.812
8757.649660110474,0.0031746032182127237,23.812
8911.221504211426,0.0031746032182127237,23.812
9064.874172210693,0.0031746032182127237,23.812
9218.272924423218,0.003418803447857499,23.812
9371.969223022461,0.0031746032182127237,23.812
9525.407791137695,0.0029304029885679483,23.812
9678.976058959961,0.0029304029885679483,23.812
9832.553625106812,0.0036630036775022745,23.812
9985.984563827515,0.0031746032182127237,23.75
10139.689207077026,0.003418803447857499,23.75
10293.04552078247,0.0029304029885679483,23.75
10446.409463882446,0.0036630036775022745,23.75
10600.316047668457,0.0029304029885679483,23.75
10753.662586212158,0.0031746032182127237,23.75
10907.231569290161,0.003418803447857499,23.75
11060.630321502686,0.0031746032182127237,23.75
11214.090824127197,0.0036630036775022745,23.75
11368.04223060608,0.0029304029885679483,23.75
11521.373271942139,0.0031746032182127237,23.75
11675.088882446289,0.0029304029885679483,23.812
11828.656911849976,0.0031746032182127237,23.812
11982.030153274536,0.0031746032182127237,23.812
12135.699987411499,0.003418803447857499,23.812
12289.055109024048,0.0031746032182127237,23.812
12442.426919937134,0.003418803447857499,23.812
12596.128702163696,0.0029304029885679483,23.812
12749.508142471313,0.0031746032182127237,23.812
12903.078079223633,0.0036630036775022745,23.812
13056.59031867981,0.002686202758923173,23.812
13209.935903549194,0.003418803447857499,23.812
13363.511800765991,0.003418803447857499,23.812
13516.99948310852,0.0031746032182127237,23.812
13670.443296432495,0.0031746032182127237,23.812
13824.101448059082,0.0029304029885679483,23.812
13977.575063705444,0.0029304029885679483,23.812
14131.23083114624,0.0031746032182127237,23.812
14288.444519042969,0.0031746032182127237,23.75
14441.741704940796,0.003418803447857499,23.75
14595.268249511719,0.0029304029885679483,23.75
14748.751163482666,0.003418803447857499,23.75
14902.185678482056,0.0031746032182127237,23.75
15055.815935134888,0.0029304029885679483,23.812
15209.17797088623,0.002686202758923173,23.812
15362.754583358765,0.0031746032182127237,23.812
15516.49522781372,0.0029304029885679483,23.812
15670.460939407349,0.0036630036775022745,23.812
15824.232578277588,0.0029304029885679483,23.812
15977.607250213623,0.0029304029885679483,23.812
16131.286144256592,0.002686202758923173,23.812
16284.87491607666,0.0029304029885679483,23.812
16436.40184402466,0.0031746032182127237,23.812
16589.781761169434,0.0036630036775022745,23.812
16743.391513824463,0.0031746032182127237,23.812
16896.923542022705,0.0029304029885679483,23.812
17050.256490707397,0.0031746032182127237,23.812
17203.972101211548,0.0036630036775022745,23.812
17357.373237609863,0.0031746032182127237,23.812
17511.09528541565,0.0036630036775022745,23.812
17664.628982543945,0.0029304029885679483,23.812
17817.97957420349,0.003418803447857499,23.812
17971.569538116455,0.0029304029885679483,23.812
18125.264644622803,0.0029304029885679483,23.812
18278.645277023315,0.0029304029885679483,23.812
18432.875394821167,0.0031746032182127237,23.812
18586.246013641357,0.0031746032182127237,23.812
18739.933013916016,0.003418803447857499,23.812
18893.359422683716,0.003418803447857499,23.812
19046.993494033813,0.0031746032182127237,23.812
19200.536251068115,0.0031746032182127237,23.812
19353.907823562622,0.0031746032182127237,23.812
19507.53116607666,0.003418803447857499,23.812
19661.10110282898,0.0031746032182127237,23.812
19814.45288658142,0.0031746032182127237,23.812
19968.16396713257,0.003418803447857499,23.812
20121.561288833618,0.003418803447857499,23.812
20275.214910507202,0.0031746032182127237,23.812
20428.74312400818,0.0029304029885679483,23.812
20582.098245620728,0.0031746032182127237,23.812
20735.742330551147,0.0031746032182127237,23.812
20889.09864425659,0.003418803447857499,23.812
21042.42777824402,0.0029304029885679483,23.812
21196.062088012695,0.0029304029885679483,23.812
21349.430084228516,0.0036630036775022745,23.812
21502.98309326172,0.002686202758923173,23.812
21656.517028808594,0.0031746032182127237,23.812
21809.898138046265,0.002686202758923173,23.812
21963.468074798584,0.0039072041399776936,23.812
22117.00415611267,0.0031746032182127237,23.812
22270.360469818115,0.0031746032182127237,23.812
22424.03221130371,0.003418803447857499,23.812
22577.36849784851,0.002686202758923173,23.812
22731.0209274292,0.0031746032182127237,23.812
22884.5853805542,0.003418803447857499,23.812
