0.5130767822265625,0.00927960965782404,22.312
153.48219871520996,0.008302808739244938,22.312
305.88579177856445,0.008791209198534489,22.312
458.3263397216797,0.008791209198534489,22.312
610.8274459838867,0.008302808739244938,22.312
763.3504867553711,0.00927960965782404,22.312
915.9145355224609,0.008302808739244938,22.312
1068.650245666504,0.008302808739244938,22.312
1221.1449146270752,0.008791209198534489,22.312
1373.5909461975098,0.008058608509600163,22.312
1526.1735916137695,0.009035409428179264,22.312
1678.6870956420898,0.008547008968889713,22.312
1831.214189529419,0.008547008968889713,22.312
1983.7262630462646,0.009035409428179264,22.312
2136.4381313323975,0.008302808739244938,22.312
2289.111375808716,0.008547008968889713,22.312
2441.700220108032,0.00927960965782404,22.312
2594.0816402435303,0.008547008968889713,22.312
2746.6044425964355,0.009035409428179264,22.312
2899.129629135132,0.008547008968889713,22.312
3051.6629219055176,0.008302808739244938,22.312
3203.0515670776367,0.00927960965782404,22.312
3355.412483215332,0.008547008968889713,22.312
3507.7884197235107,0.008791209198534489,22.312
3660.522699356079,0.008547008968889713,22.312
3813.129663467407,0.008547008968889713,22.312
3965.6078815460205,0.009035409428179264,22.312
4118.126392364502,0.008547008968889713,22.312
4270.6475257873535,0.008547008968889713,22.312
4423.177719116211,0.00927960965782404,22.312
4575.537919998169,0.008302808739244938,22.312
4728.214979171753,0.008791209198534489,22.312
4880.926132202148,0.008547008968889713,22.312
5033.527612686157,0.008547008968889713,22.375
5185.913324356079,0.00927960965782404,22.375
5338.326454162598,0.008302808739244938,22.375
5490.7426834106445,0.008302808739244938,22.375
5643.108129501343,0.00927960965782404,22.375
5795.4699993133545,0.008547008968889713,22.375
5947.834730148315,0.00927960965782404,22.375
6100.548028945923,0.008302808739244938,22.375
6253.287315368652,0.008791209198534489,22.375
6405.706405639648,0.009523809887468815,22.375
6558.08162689209,0.008302808739244938,22.375
6710.45446395874,0.008547008968889713,22.375
6862.984657287598,0.008547008968889713,22.375
7015.347719192505,0.008302808739244938,22.375
7167.900562286377,0.009035409428179264,22.375
7320.595502853394,0.008302808739244938,22.375
7473.33288192749,0.008547008968889713,22.375
7625.696182250977,0.009035409428179264,22.375
7778.055906295776,0.008302808739244938,22.375
7930.428504943848,0.008791209198534489,22.375
8082.937955856323,0.008547008968889713,22.375
8235.463380813599,0.008302808739244938,22.375
8387.890815734863,0.009035409428179264,22.375
8540.568828582764,0.008547008968889713,22.375
8693.13645362854,0.008791209198534489,22.375
8845.558881759644,0.00927960965782404,22.375
8997.955322265625,0.008302808739244938,22.375
9150.39038658142,0.00927960965782404,22.375
9302.744150161743,0.008302808739244938,22.375
9455.113410949707,0.008547008968889713,22.375
9607.47218132019,0.009035409428179264,22.375
9760.037183761597,0.008547008968889713,22.375
9912.780284881592,0.008547008968889713,22.375
10065.365314483643,0.009035409428179264,22.375
10217.735290527344,0.008302808739244938,22.375
10370.095014572144,0.009035409428179264,22.375
10522.457122802734,0.008547008968889713,22.375
10674.814939498901,0.008547008968889713,22.375
10827.17752456665,0.00927960965782404,22.375
10979.546546936035,0.008302808739244938,22.375
11132.053136825562,0.008791209198534489,22.375
11284.736394882202,0.008791209198534489,22.375
11437.339544296265,0.008547008968889713,22.375
11589.844703674316,0.009523809887468815,22.375
11742.202758789062,0.008547008968889713,22.375
11894.569873809814,0.008547008968889713,22.375
12046.927452087402,0.009035409428179264,22.375
12199.363946914673,0.008547008968889713,22.375
12351.722240447998,0.009035409428179264,22.375
12504.24838066101,0.008791209198534489,22.375
12657.075881958008,0.008302808739244938,22.375
12809.519290924072,0.009035409428179264,22.375
12961.878299713135,0.008302808739244938,22.375
13114.246368408203,0.008547008968889713,22.375
13266.690731048584,0.008791209198534489,22.375
13419.079303741455,0.008547008968889713,22.375
13571.49362564087,0.00927960965782404,22.375
13723.85549545288,0.008547008968889713,22.375
13876.543045043945,0.008547008968889713,22.375
14029.306650161743,0.009035409428179264,22.375
14181.881666183472,0.008547008968889713,22.375
14334.238052368164,0.009035409428179264,22.375
14486.608028411865,0.008547008968889713,22.375
14638.977766036987,0.008302808739244938,22.375
14791.48530960083,0.009035409428179264,22.375
14943.996906280518,0.008791209198534489,22.375
15096.690654754639,0.008547008968889713,22.375
15249.28092956543,0.009035409428179264,22.375
15401.79443359375,0.008302808739244938,22.375
15554.152250289917,0.009035409428179264,22.375
15706.516027450562,0.008547008968889713,22.375
15858.882904052734,0.008547008968889713,22.375
16011.25192642212,0.009523809887468815,22.375
16163.82384300232,0.008547008968889713,22.375
16316.396713256836,0.008791209198534489,22.375
16468.94073486328,0.008791209198534489,22.375
16621.5717792511,0.008302808739244938,22.375
16773.93913269043,0.009035409428179264,22.375
16926.301956176758,0.008547008968889713,22.375
17078.82308959961,0.008547008968889713,22.375
17231.203079223633,0.00927960965782404,22.375
17383.574962615967,0.008547008968889713,22.437
17535.945653915405,0.009035409428179264,22.437
17688.687801361084,0.008547008968889713,22.437
17841.1922454834,0.008547008968889713,22.437
17993.709564208984,0.00927960965782404,22.437
18146.25859260559,0.008302808739244938,22.437
18298.69818687439,0.008547008968889713,22.375
18451.222896575928,0.008791209198534489,22.375
18603.741884231567,0.008302808739244938,22.375
18756.42442703247,0.00927960965782404,22.375
18909.203052520752,0.008547008968889713,22.375
19061.62977218628,0.008547008968889713,22.375
19214.216232299805,0.00927960965782404,22.375
19366.739511489868,0.008302808739244938,22.375
19519.26279067993,0.008791209198534489,22.375
19671.854734420776,0.008791209198534489,22.375
19824.5849609375,0.008547008968889713,22.375
19977.136373519897,0.00927960965782404,22.375
20129.713535308838,0.008302808739244938,22.375
20282.094955444336,0.008302808739244938,22.375
20434.613943099976,0.00927960965782404,22.375
20587.1319770813,0.008302808739244938,22.375
20739.490509033203,0.009035409428179264,22.375
20891.854763031006,0.008547008968889713,22.375
21044.580936431885,0.008547008968889713,22.375
21197.39007949829,0.00927960965782404,22.375
21349.73382949829,0.008547008968889713,22.375
21502.26593017578,0.008547008968889713,22.375
21654.650688171387,0.008791209198534489,22.375
21807.164669036865,0.008547008968889713,22.375
21959.527492523193,0.00927960965782404,22.375
22112.27011680603,0.008547008968889713,22.375
22265.124082565308,0.008547008968889713,22.375
22417.543172836304,0.00927960965782404,22.375
22569.902896881104,0.008547008968889713,22.375
22722.43356704712,0.009035409428179264,22.375
22874.948501586914,0.008547008968889713,22.312
23027.47917175293,0.008302808739244938,22.312
23179.84652519226,0.009035409428179264,22.312
23332.616329193115,0.008547008968889713,22.312
23485.22663116455,0.008547008968889713,22.312
23637.70818710327,0.009035409428179264,22.312
23790.226459503174,0.008302808739244938,22.312
23942.73591041565,0.009035409428179264,22.312
24095.10612487793,0.008547008968889713,22.312
24247.552633285522,0.008791209198534489,22.312
24399.912118911743,0.009523809887468815,22.312
24552.621603012085,0.008302808739244938,22.312
24705.44481277466,0.008791209198534489,22.312
24857.97905921936,0.008547008968889713,22.312
25010.48970222473,0.008547008968889713,22.312
25162.872552871704,0.009035409428179264,22.312
25315.25731086731,0.008547008968889713,22.312
25467.63563156128,0.008547008968889713,22.312
25620.378255844116,0.009035409428179264,22.312
25772.933959960938,0.008302808739244938,22.312
25925.51565170288,0.009035409428179264,22.312
26077.988147735596,0.008791209198534489,22.312
26230.35192489624,0.008791209198534489,22.312
26382.734060287476,0.00927960965782404,22.312
26535.110473632812,0.008547008968889713,22.312
26687.474012374878,0.009035409428179264,22.312
26839.834928512573,0.008547008968889713,22.312
26992.529153823853,0.008547008968889713,22.312
27145.13325691223,0.00927960965782404,22.312
27297.560691833496,0.008302808739244938,22.312
27449.94854927063,0.008547008968889713,22.312
27602.15950012207,0.008791209198534489,22.312
27754.533052444458,0.008302808739244938,22.312
27907.045125961304,0.00927960965782404,22.375
28059.576511383057,0.008547008968889713,22.375
28211.957216262817,0.008791209198534489,22.375
28364.65287208557,0.009035409428179264,22.375
28517.226696014404,0.008547008968889713,22.375
28669.637203216553,0.009035409428179264,22.375
28821.992874145508,0.008791209198534489,22.375
28974.51400756836,0.008547008968889713,22.375
29127.10213661194,0.00927960965782404,22.375
29279.58345413208,0.008547008968889713,22.375
29431.94532394409,0.008791209198534489,22.375
29584.494590759277,0.008791209198534489,22.375
29737.13445663452,0.008547008968889713,22.375
29889.56880569458,0.00927960965782404,22.375
30042.154550552368,0.008547008968889713,22.375
30194.51379776001,0.008547008968889713,22.375
30346.881866455078,0.009035409428179264,22.375
30499.412298202515,0.008547008968889713,22.375
30651.931047439575,0.00927960965782404,22.375
30804.49151992798,0.008547008968889713,22.375
30957.096338272095,0.008547008968889713,22.375
31110.430002212524,0.00927960965782404,22.375
31262.791633605957,0.008547008968889713,22.375
31415.173292160034,0.008791209198534489,22.375
31567.540407180786,0.009035409428179264,22.375
31720.262050628662,0.008302808739244938,22.375
31873.1050491333,0.00927960965782404,22.375
32025.531768798828,0.008547008968889713,22.375
32178.11155319214,0.008791209198534489,22.375
32330.64103126526,0.00927960965782404,22.375
32483.203649520874,0.008302808739244938,22.375
32635.719060897827,0.009035409428179264,22.375
32788.246154785156,0.008547008968889713,22.375
32940.8016204834,0.008791209198534489,22.375
33093.544244766235,0.009035409428179264,22.375
33245.914697647095,0.008547008968889713,22.375
33398.28085899353,0.008547008968889713,22.375
33550.65155029297,0.008791209198534489,22.375
33703.169107437134,0.008302808739244938,22.375
33855.544567108154,0.008791209198534489,22.375
34007.90619850159,0.008547008968889713,22.375
34160.526752471924,0.008547008968889713,22.375
34313.204526901245,0.009523809887468815,22.375
34465.6343460083,0.008547008968889713,22.375
34618.00265312195,0.009523809887468815,22.375
34770.36356925964,0.008547008968889713,22.375
34922.73426055908,0.008547008968889713,22.375
35075.10328292847,0.009035409428179264,22.375
35227.635860443115,0.008547008968889713,22.375
35380.01036643982,0.009035409428179264,22.375
35532.718896865845,0.008791209198534489,22.375
35685.44292449951,0.008791209198534489,22.375
35837.80884742737,0.00927960965782404,22.375
35990.2138710022,0.008302808739244938,22.375
36142.81630516052,0.008547008968889713,22.375
36295.18485069275,0.008547008968889713,22.375
36447.56269454956,0.008547008968889713,22.375
36599.934101104736,0.009035409428179264,22.375
36752.631187438965,0.008547008968889713,22.375
36905.38239479065,0.008791209198534489,22.375
37057.75952339172,0.009035409428179264,22.375
37210.134506225586,0.008302808739244938,22.375
37362.491607666016,0.009523809887468815,22.375
37515.024185180664,0.008791209198534489,22.375
37667.40131378174,0.008547008968889713,22.375
37819.93007659912,0.00927960965782404,22.375
37972.535848617554,0.008547008968889713,22.375
38125.13875961304,0.009035409428179264,22.375
38277.56214141846,0.008547008968889713,22.375
38429.93116378784,0.008791209198534489,22.375
38582.29899406433,0.00927960965782404,22.375
38734.668493270874,0.008302808739244938,22.375
38887.08448410034,0.008791209198534489,22.375
39039.448738098145,0.008547008968889713,22.375
39191.829442977905,0.008547008968889713,22.375
39344.36893463135,0.009035409428179264,22.375
39496.917724609375,0.008547008968889713,22.375
39649.51014518738,0.009035409428179264,22.375
39802.09708213806,0.008791209198534489,22.375
39954.45513725281,0.008547008968889713,22.375
40106.83369636536,0.00927960965782404,22.375
40259.196281433105,0.008302808739244938,22.437
40411.71097755432,0.008547008968889713,22.437
40564.409494400024,0.00927960965782404,22.437
40717.11087226868,0.008547008968889713,22.437
40869.550466537476,0.00927960965782404,22.437
41022.101163864136,0.008547008968889713,22.437
41174.630641937256,0.008791209198534489,22.375
41327.01253890991,0.00927960965782404,22.375
41479.53534126282,0.008547008968889713,22.375
41631.91342353821,0.00927960965782404,22.375
41784.46555137634,0.008547008968889713,22.375
41937.08157539368,0.008547008968889713,22.375
42089.505434036255,0.00927960965782404,22.375
42241.86944961548,0.008547008968889713,22.375
42394.39916610718,0.008791209198534489,22.375
42546.77176475525,0.008791209198534489,22.375
42699.15437698364,0.008547008968889713,22.375
42851.52530670166,0.00927960965782404,22.375
43004.2040348053,0.008547008968889713,22.375
43156.90207481384,0.008547008968889713,22.375
43309.50856208801,0.009035409428179264,22.375
43461.885929107666,0.008547008968889713,22.375
43614.48669433594,0.009035409428179264,22.375
43766.857624053955,0.008547008968889713,22.375
43919.22092437744,0.008547008968889713,22.375
44071.595907211304,0.00927960965782404,22.375
44224.31778907776,0.008547008968889713,22.375
44377.08258628845,0.009035409428179264,22.375
44529.725790023804,0.008547008968889713,22.375
44682.084798812866,0.008791209198534489,22.375
44834.46502685547,0.00927960965782404,22.375
44986.84644699097,0.008547008968889713,22.375
45139.381647109985,0.008791209198534489,22.375
45291.903495788574,0.008547008968889713,22.375
45444.60487365723,0.008302808739244938,22.375
45597.14961051941,0.00927960965782404,22.375
45749.576807022095,0.008547008968889713,22.312
45902.13227272034,0.008547008968889713,22.312
46054.65579032898,0.00927960965782404,22.312
46207.035303115845,0.008302808739244938,22.312
46359.551668167114,0.009035409428179264,22.312
46512.30883598328,0.008791209198534489,22.312
46665.130853652954,0.008791209198534489,22.312
46817.575454711914,0.009035409428179264,22.312
46969.94400024414,0.008547008968889713,22.312
47122.15614318848,0.009035409428179264,22.312
47274.53684806824,0.008547008968889713,22.312
47427.06346511841,0.008791209198534489,22.312
47579.43797111511,0.00927960965782404,22.312
47731.799602508545,0.008547008968889713,22.312
47884.49954986572,0.008547008968889713,22.312
48037.10603713989,0.009035409428179264,22.312
48189.54396247864,0.008547008968889713,22.312
48341.906785964966,0.009035409428179264,22.312
48494.27390098572,0.008547008968889713,22.312
48646.650552749634,0.008791209198534489,22.312
48799.163579940796,0.00927960965782404,22.312
48951.533794403076,0.008791209198534489,22.312
49104.20346260071,0.009035409428179264,22.312
49256.755113601685,0.008547008968889713,22.312
49409.34205055237,0.008302808739244938,22.312
49561.70964241028,0.00927960965782404,22.312
49714.21480178833,0.008547008968889713,22.312
49866.57643318176,0.008547008968889713,22.312
50018.95976066589,0.008791209198534489,22.312
50171.32353782654,0.008547008968889713,22.312
50323.710441589355,0.00927960965782404,22.312
50476.499795913696,0.008547008968889713,22.312
50629.136085510254,0.008547008968889713,22.312
50781.69798851013,0.009035409428179264,22.375
50934.08966064453,0.008302808739244938,22.375
51086.45272254944,0.00927960965782404,22.375
51238.985776901245,0.008547008968889713,22.375
51391.42560958862,0.008791209198534489,22.375
51543.773889541626,0.00927960965782404,22.375
51696.521520614624,0.008302808739244938,22.375
51849.18975830078,0.008547008968889713,22.375
52001.6233921051,0.008547008968889713,22.375
52154.14905548096,0.008547008968889713,22.375
52306.50043487549,0.00927960965782404,22.375
52458.85634422302,0.008547008968889713,22.375
52611.22679710388,0.008791209198534489,22.375
52763.751745224,0.00927960965782404,22.375
52916.391134262085,0.008547008968889713,22.375
53069.13661956787,0.00927960965782404,22.375
53221.70042991638,0.008547008968889713,22.375
53374.14264678955,0.008547008968889713,22.375
53526.50809288025,0.009523809887468815,22.375
53678.879261016846,0.008302808739244938,22.375
53831.26902580261,0.009035409428179264,22.375
53983.79874229431,0.008547008968889713,22.375
54136.49320602417,0.008547008968889713,22.375
54289.103507995605,0.00927960965782404,22.375
54441.675901412964,0.008302808739244938,22.375
54594.04277801514,0.008302808739244938,22.375
54746.41561508179,0.009035409428179264,22.375
54898.77986907959,0.008791209198534489,22.375
55051.15461349487,0.009035409428179264,22.375
55203.540563583374,0.008302808739244938,22.375
55355.92460632324,0.008547008968889713,22.375
55508.48650932312,0.00927960965782404,22.375
55661.20195388794,0.008302808739244938,22.375
55813.71212005615,0.008791209198534489,22.375
55966.111183166504,0.008791209198534489,22.375
56118.483543395996,0.008791209198534489,22.375
56271.08883857727,0.00927960965782404,22.375
56423.582553863525,0.008547008968889713,22.375
56575.95729827881,0.008547008968889713,22.375
56728.50704193115,0.008791209198534489,22.375
56881.10899925232,0.008302808739244938,22.375
57033.5590839386,0.00927960965782404,22.375
57185.93406677246,0.008547008968889713,22.375
57338.32240104675,0.008791209198534489,22.375
57490.835666656494,0.009523809887468815,22.375
57643.37372779846,0.008547008968889713,22.375
57795.73631286621,0.009035409428179264,22.375
57948.26602935791,0.008547008968889713,22.375
58100.82674026489,0.008547008968889713,22.375
58253.525495529175,0.009035409428179264,22.375
58405.8883190155,0.008302808739244938,22.375
58558.260917663574,0.008791209198534489,22.375
58710.62254905701,0.008547008968889713,22.375
58863.147497177124,0.008547008968889713,22.375
59015.52963256836,0.009035409428179264,22.375
59167.90246963501,0.008547008968889713,22.375
59320.65224647522,0.008547008968889713,22.375
59473.464250564575,0.00927960965782404,22.375
59625.97465515137,0.008302808739244938,22.375
59778.35416793823,0.008791209198534489,22.375
59930.72557449341,0.008547008968889713,22.375
60083.09054374695,0.008791209198534489,22.375
60235.61429977417,0.00927960965782404,22.375
60387.97664642334,0.008302808739244938,22.375
60540.68040847778,0.008547008968889713,22.375
60693.3012008667,0.009035409428179264,22.375
60845.696210861206,0.008302808739244938,22.375