0.57220458984375,0.007326007355004549,22.312
156.23164176940918,0.007081807125359774,22.312
309.65137481689453,0.006593406666070223,22.312
463.3607864379883,0.007326007355004549,22.312
616.7709827423096,0.006593406666070223,22.312
770.4875469207764,0.005616605747491121,22.312
924.036979675293,0.006593406666070223,22.312
1077.437400817871,0.006593406666070223,22.312
1231.2512397766113,0.006593406666070223,22.312
1384.6831321716309,0.006105006206780672,22.312
1538.3455753326416,0.006593406666070223,22.312
1691.9183731079102,0.006105006206780672,22.312
1845.3378677368164,0.0063492064364254475,22.312
1999.114751815796,0.006837606895714998,22.312
2152.447462081909,0.0063492064364254475,22.312
2305.943250656128,0.005372405517846346,22.312
2459.5916271209717,0.006593406666070223,22.312
2613.111734390259,0.006593406666070223,22.312
2766.6919231414795,0.005616605747491121,22.312
2920.2542304992676,0.006837606895714998,22.312
3073.697566986084,0.006105006206780672,22.312
3227.5149822235107,0.0063492064364254475,22.312
3380.906105041504,0.0063492064364254475,22.312
3534.522533416748,0.006593406666070223,22.312
3688.157320022583,0.005860805977135897,22.312
3841.7577743530273,0.007326007355004549,22.312
3995.4328536987305,0.0063492064364254475,22.312
4151.550531387329,0.0063492064364254475,22.312
4304.98743057251,0.005860805977135897,22.312
4458.797931671143,0.007081807125359774,22.312
4612.427473068237,0.0063492064364254475,22.312
4765.838384628296,0.007081807125359774,22.312
4919.518709182739,0.006593406666070223,22.312
5072.918176651001,0.006105006206780672,22.375
5226.5307903289795,0.006593406666070223,22.375
5380.1116943359375,0.006593406666070223,22.375
5533.550500869751,0.007326007355004549,22.375
5687.245607376099,0.0063492064364254475,22.375
5840.637922286987,0.0063492064364254475,22.375
5994.328737258911,0.006837606895714998,22.375
6147.932291030884,0.005860805977135897,22.375
6301.366567611694,0.0063492064364254475,22.375
6455.038785934448,0.006593406666070223,22.375
6608.526945114136,0.006593406666070223,22.375
6762.26544380188,0.007081807125359774,22.375
6915.866374969482,0.0063492064364254475,22.375
7069.3066120147705,0.006593406666070223,22.375
7223.016262054443,0.0063492064364254475,22.375
7376.413106918335,0.006105006206780672,22.375
7529.8333168029785,0.007081807125359774,22.375
7683.526039123535,0.006837606895714998,22.375
7836.915016174316,0.0063492064364254475,22.375
7990.602016448975,0.006593406666070223,22.375
8144.200325012207,0.006105006206780672,22.375
8297.597646713257,0.006837606895714998,22.375
8451.28607749939,0.007081807125359774,22.375
8603.574752807617,0.0063492064364254475,22.375
8756.966352462769,0.006593406666070223,22.375
8910.608291625977,0.006105006206780672,22.375
9064.223766326904,0.006593406666070223,22.375
9217.66972541809,0.006837606895714998,22.375
9371.354341506958,0.006105006206780672,22.375
9524.744749069214,0.006837606895714998,22.375
9678.353786468506,0.006105006206780672,22.375
9831.798076629639,0.006837606895714998,22.375
9985.164880752563,0.006105006206780672,22.375
10138.795614242554,0.007081807125359774,22.375
10292.330741882324,0.0063492064364254475,22.375
10445.770025253296,0.006593406666070223,22.375
10599.459171295166,0.0063492064364254475,22.375
10752.8817653656,0.006105006206780672,22.375
10906.61597251892,0.005860805977135897,22.375
11060.220003128052,0.006837606895714998,22.375
11213.68384361267,0.006593406666070223,22.375
11367.401599884033,0.0063492064364254475,22.375
11521.00944519043,0.005860805977135897,22.375
11674.576759338379,0.006837606895714998,22.375
11828.09066772461,0.0063492064364254475,22.375
11981.48798942566,0.007081807125359774,22.375
12135.268449783325,0.006593406666070223,22.375
12288.753747940063,0.006105006206780672,22.375
12442.36445426941,0.005616605747491121,22.375
12595.967054367065,0.007326007355004549,22.375
12749.35507774353,0.006593406666070223,22.375
12903.100490570068,0.006837606895714998,22.375
13056.52379989624,0.0063492064364254475,22.375
13210.273504257202,0.005860805977135897,22.375
13363.885402679443,0.006837606895714998,22.375
13517.319440841675,0.006593406666070223,22.375
13671.032905578613,0.006837606895714998,22.375
13824.446678161621,0.006837606895714998,22.375
13977.840662002563,0.006105006206780672,22.375
14135.546445846558,0.0063492064364254475,22.375
14289.012908935547,0.007081807125359774,22.375
14442.646265029907,0.006593406666070223,22.375
14596.207618713379,0.006837606895714998,22.375
14749.638557434082,0.006105006206780672,22.375
14903.345823287964,0.005860805977135897,22.375
15056.80775642395,0.006593406666070223,22.375
15210.451126098633,0.006593406666070223,22.375
15364.047527313232,0.006837606895714998,22.375
15517.468214035034,0.007081807125359774,22.375
15671.223402023315,0.006593406666070223,22.375
15824.748039245605,0.006105006206780672,22.375
15978.351831436157,0.006105006206780672,22.375
16131.958961486816,0.007326007355004549,22.375
16285.37654876709,0.006593406666070223,22.375
16439.08190727234,0.0063492064364254475,22.375
16592.48423576355,0.006593406666070223,22.375
16746.24276161194,0.0063492064364254475,22.375
16899.87587928772,0.006593406666070223,22.375
17053.282022476196,0.006837606895714998,22.375
17207.01789855957,0.006593406666070223,22.375
17360.482692718506,0.005860805977135897,22.375
17513.875246047974,0.007081807125359774,22.437
17667.58894920349,0.006837606895714998,22.437
17821.007013320923,0.0063492064364254475,22.437
17974.639654159546,0.007326007355004549,22.437
18128.29351425171,0.006593406666070223,22.437
18281.630039215088,0.006593406666070223,22.437
18435.319662094116,0.007081807125359774,22.375
18588.48810195923,0.007081807125359774,22.375
18739.99333381653,0.007081807125359774,22.375
18891.554832458496,0.006837606895714998,22.375
19044.944047927856,0.0063492064364254475,22.375
19198.64010810852,0.006593406666070223,22.375
19352.21242904663,0.007081807125359774,22.375
19505.641222000122,0.0063492064364254475,22.375
19659.3496799469,0.006837606895714998,22.375
19812.747955322266,0.006105006206780672,22.375
19966.432809829712,0.0063492064364254475,22.375
20120.099306106567,0.007081807125359774,22.375
20273.55456352234,0.006837606895714998,22.375
20427.25944519043,0.0063492064364254475,22.375
20580.633640289307,0.006837606895714998,22.375
20734.347581863403,0.006837606895714998,22.375
20887.930393218994,0.006593406666070223,22.375
21041.324853897095,0.006593406666070223,22.375
21195.016622543335,0.007081807125359774,22.375
21348.410844802856,0.005860805977135897,22.375
21501.805782318115,0.006593406666070223,22.375
21655.615091323853,0.0063492064364254475,22.375
21809.020042419434,0.007081807125359774,22.375
21962.59307861328,0.005860805977135897,22.375
22116.19520187378,0.007081807125359774,22.375
22269.66881752014,0.005616605747491121,22.375
22423.35319519043,0.0063492064364254475,22.375
22576.75290107727,0.006837606895714998,22.375
22730.332374572754,0.0063492064364254475,22.375
22884.014129638672,0.006105006206780672,22.375
